Skim summary statistics
 n obs: 381 
 n variables: 27 

-- Variable type:factor --------------------------------------------------------
  variable missing complete   n n_unique                     top_counts
 cbsa_name       0      381 381      381 Abi: 1, Akr: 1, Alb: 1, Alb: 1
 ordered
   FALSE

-- Variable type:integer -------------------------------------------------------
      variable missing complete   n      mean        sd    p0   p25   p50
   2016_employ       0      381 381 274706.77 664053.4      0 43520 83000
     cbsa_code       0      381 381  29694.57  11387.92 10180 19740 29420
 cbsa_is_metro       2      379 381      1         0        1     1     1
   p75    p100
 2e+05 8229570
 39740   49740
     1       1

-- Variable type:numeric -------------------------------------------------------
        variable missing complete   n       mean         sd         p0
     2002_employ       0      381 381 223007.33  553169.87      0     
   2002_employ.1       0      381 381    296.64     696.44     13.49  
        2002_gdp       0      381 381  30136.25   81384.48   1431.37  
   2002_pct_high      75      306 381      0.036      0.02      0.0096
    2002_pct_low      75      306 381      0.57       0.036     0.45  
 2002_pct_medium      75      306 381      0.4        0.026     0.32  
       2002_prod       0      381 381  92572.63   14063.38  67524.81  
      2002_score      75      306 381     27.87       2.09     21.33  
       2002_wage      75      306 381  31373.72    4125.51  23194.79  
     2002_wage.1       0      381 381  33751.72    5699.32  22766.57  
     2010_emoloy       0      381 381    298.35     693.38     19.84  
        2010_gdp       0      381 381  34058.49   92165.74   2042.94  
       2010_prod       0      381 381  1e+05      16210.45  75792.96  
       2010_wage       0      381 381  43024.85    8359.01  31132.59  
   2016_employ.1       0      381 381    333.75     780.72     19.88  
        2016_gdp       0      381 381  38266.64   1e+05      2203.31  
   2016_pct_high       2      379 381      0.19       0.042     0.11  
    2016_pct_low       2      379 381      0.32       0.037     0.19  
 2016_pct_medium       2      379 381      0.49       0.027     0.39  
       2016_prod       0      381 381  1e+05      19131.64  77642.69  
      2016_socre       2      379 381     43.68       2.09     36.97  
       2016_wage       2      379 381  41898.82    6054.96  31858.91  
     2016_wage.1       0      381 381  49193.79    9568.59  34206.27  
       p25       p50        p75       p100
 29610     63090     168090     6670740   
    53.31     95.12     211.86     8558.38
  4718.8    8835.59   20479.22  1090450.95
     0.022     0.032      0.046       0.15
     0.55      0.57       0.59        0.67
     0.38      0.4        0.41        0.48
 82631.02  89942.67   98868.14   178172.27
    26.66     27.64      28.92       36.5 
 28410.14  30960.07   33444.33    51839.88
 29954.36  32793.18   36082.34    66025.63
    55.06     97.08     220.61     8583.66
  5324.38  10263.87   22815.3   1234042.64
 91860.48  99085.87  110780.49   181737.66
 37607.7   40985.54   45821.37    92649.98
    59.14    107.43     249.7      9529.85
  5683.63  11282.3    24836.14  1358143.22
     0.16      0.19       0.22        0.38
     0.29      0.31       0.33        0.47
     0.47      0.49       0.51        0.57
 91250.43  98452.74  109787.44   286199.9 
    42.35     43.45      44.91       52.94
 37795.34  41090.89   44539.18    77804.77
 43141.52  47319.66   52539.11   123345.26
