Skim summary statistics
 n obs: 73056 
 n variables: 62 

-- Variable type:character -----------------------------------------------------
       variable missing complete     n min max empty n_unique
        above1g       0    73056 73056   8  11     0        3
          atl10       0    73056 73056   8  11     0        3
          atl25       0    73056 73056   8  11     0        3
           atl3       0    73056 73056   8  11     0        3
           cbsa       0    73056 73056   2   5     0      918
     countyname       0    73056 73056  10  33     0     1876
          metro    5512    67544 73056   7  46     0      915
          place   56854    16202 73056  16  66     0      140
      statename       0    73056 73056   4  20     0       51
 stcotract_code       0    73056 73056   6   6     0    23816
       stplfips       0    73056 73056   2   7     0      141

-- Variable type:numeric -------------------------------------------------------
                     variable missing complete     n         mean
                      aa_1115       0    73056 73056    233.1    
                    ainh_1115       0    73056 73056     28.45   
                asian_nh_1115       0    73056 73056    226.59   
                  baplus_1115       0    73056 73056    861.7    
                black_nh_1115       0    73056 73056    530.9    
            commute_home_1115       0    73056 73056     86.96   
            commute_univ_1115       0    73056 73056   1965.91   
                       county       0    73056 73056     85.94   
             disabled_hh_1115       0    73056 73056    401.67   
           edattain_univ_1115       0    73056 73056   2894.53   
                emp_univ_1115       0    73056 73056   3438.75   
               family_hh_1115       0    73056 73056   1057.55   
                  female_1115       0    73056 73056   2200.79   
                 foreign_1115       0    73056 73056    571.03   
                      geotype       0    73056 73056      2.3    
  hcost30to50pct_rentocc_1115       0    73056 73056    134.57   
  hcost50pctplus_rentocc_1115       0    73056 73056    142.07   
 hcostunder30pct_rentocc_1115       0    73056 73056    257.41   
                      hh_1115       0    73056 73056   1600.5    
               hh_medinc_1115     999    72057 73056  57751.79   
                    hisp_1115       0    73056 73056    742.34   
                      hs_1115       0    73056 73056    688.68   
                      inc_cat     999    72057 73056      1.78   
                        inpov       0    73056 73056    653.6    
           language_univ_1115       0    73056 73056   4059.94   
                  lesshs_1115       0    73056 73056    501.53   
                  loweng_1115       0    73056 73056    347.83   
                    male_1115       0    73056 73056   2131.71   
                    medincbmk       0    73056 73056  56635.73   
                  native_1115       0    73056 73056   3761.47   
                notin_lf_1115       0    73056 73056   1249.84   
                occunits_1115       0    73056 73056   1600.5    
                other_nh_1115       0    73056 73056    104.12   
                  ownocc_1115       0    73056 73056   1022.67   
                    pcat_10x1     338    72718 73056      3.25   
                     pop_1115       0    73056 73056   4332.5    
                      povuniv       0    73056 73056   4224.42   
            publicinc_hh_1115       0    73056 73056     44.13   
                 rentocc_1115       0    73056 73056    577.83   
         singleparent_hh_1115       0    73056 73056    284.47   
                 snap_hh_1115       0    73056 73056    210.79   
                somecoll_1115       0    73056 73056    609.52   
                        state       0    73056 73056     27.74   
                        tract       0    73056 73056      2.8e+10
               tractonly_fips       0    73056 73056 258659.79   
                     u18_1115       0    73056 73056   1008.59   
              unemployed_1115       0    73056 73056    180      
                           v1       0    73056 73056  36528.5    
                white_nh_1115       0    73056 73056   2700.1    
                 x18to64_1115       0    73056 73056   2651.67   
                      x65plus       0    73056 73056    610.7    
           sd    p0         p25         p50          p75
    159.2         0   121         204          311      
    178.04        0     0           0           15      
    489.78        0     8          57          223      
    778.76        0   319         626         1183      
    900.36        0    29         153          611      
    100.74        0    28          62          117      
   1063.32        0  1242        1825         2521      
     99.65        1    29          63          109      
    220.9         0   247         367          519      
   1402.72        0  1944        2737         3652      
   1639           0  2324        3247         4327      
    561.58        0   681         985         1350      
   1095.98        0  1463        2068         2776      
    752.11        0    86         280          758      
      0.99        1     2           2            3      
    127.39        0    43          99          188      
    144.47        0    41         100          197      
    232.26        0   102         195          343      
    761.49        0  1088        1516         2017      
  28800.52     3271 38194       51402        70474      
   1191.32        0    82         268          827      
    403.98        0   398         631          913      
      0.64        1     1           2            2      
    567.32        0   257         499          880      
   1980.26        0  2723        3818         5104      
    416.42        0   216         394          670      
    546.45        0    35         129          407      
   1072.72        0  1413        1989         2677      
  10648.46    33266 49255       54336        61828      
   1889.32        0  2476        3511         4741      
    685.1         0   808        1144         1562      
    761.49        0  1088        1516         2017      
    128.89        0    26          68          140      
    632.48        0   578         950         1374      
      1.24        0     2           3            4      
   2129.79        0  2897        4067         5448      
   2117.42        0  2810        3969         5327      
     49.07        0    12          30           59      
    466.87        0   250         460          777      
    186.27        0   152         249          377      
    190.17        0    71         161          297      
    354.46        0   365         552          787      
     15.79        1    12          27           41      
      1.6e+10 1e+09     1.2e+10     2.7e+10      4.1e+10
 349632.6       100 10300       44800       470501      
    656.81        0   581         896         1297      
    127.59        0    91         152          238      
  21089.59        1 18264.75    36528.5      54792.25   
   1860.01        0  1317        2521         3799      
   1332.98        0  1747        2479         3352      
    397.53        0   352         549          793      
         p100
   3745      
   9417      
  12174      
  20482      
  18406      
   7819      
  24666      
    840      
   5873      
  37461      
  37674      
  14938      
  27250      
  14877      
      4      
   2086      
   2889      
   4308      
  20395      
 250001      
  24793      
   8087      
      3      
  10595      
  48700      
   5736      
   7768      
  27962      
  95405      
  38935      
  31794      
  20395      
   3961      
  19529      
      5      
  53812      
  53628      
    722      
   7945      
   3326      
   2262      
   9163      
     56      
      5.6e+10
 992201      
  19278      
   2295      
  73056      
  36650      
  31565      
  26631      
